function [alfa, beta, gamma, delta, epsilon, theta, zeta, eta, mu, nu, tau, lambda, rho, kappa, xi, sigma] = initParameter()
alfa=0.5217932376648983;
beta=7.256327387818385E-9;
gamma=0.08143761790239332;
delta=1.9100825972698645E-10;
epsilon=0.0039892458612233546;
theta=0.01902005839466844;
zeta=7.563480354340139E-8;
eta=0.9999747998978971;
mu=2.6732072712732086E-12;
nu=1.2472380855148792E-11;
tau=5.4575220640735176E-17;
lambda=0.19033156424774866;
rho=3.7603890794963286E-17;
kappa=0.09060698477316062;
xi=0.0;
sigma=2.5668019994718705E-15;
end
