function [alfa, beta, gamma, delta, epsilon, theta, zeta, eta, mu, nu, tau, lambda, rho, kappa, xi, sigma] = setParameterDayAll(i)
MatrixParameter=[0.5217932376648983,7.256327387818385E-9,0.08143761790239332,1.9100825972698645E-10,0.0039892458612233546,0.01902005839466844,7.563480354340139E-8,0.9999747998978971,2.6732072712732086E-12,1.2472380855148792E-11,5.4575220640735176E-17,0.19033156424774866,3.7603890794963286E-17,0.09060698477316062,0.0,2.5668019994718705E-15;0.15591658739645095,2.3322964627069316E-4,3.710086302976781E-5,6.200589052107403E-4,3.833688109043276E-6,0.19357430068804812,0.02791284890602192,0.09560322018888254,6.378759676169128E-6,2.1691199220950138E-4,0.006737248632092727,0.054180812357631954,6.303272412223464E-9,4.053538362796175E-4,1.4632986694375472E-10,0.08332584130724104;0.16364289314853006,0.004029857979630618,6.226714518415416E-5,9.418810154229764E-6,2.063527651030102E-7,0.027692933222788728,6.480133780315348E-4,7.741900992326988E-4,6.709606840350074E-9,1.1043740666700233E-7,2.2405799934552264E-15,0.18296018237300365,2.717648727689514E-11,5.699856397151466E-4,1.4412690012510325E-11,2.3053497289936732E-7;0.2356439184218061,1.3779777615206476E-4,1.0197969208806861E-4,7.416383173233389E-6,7.627614425705533E-5,0.14755935585400554,1.1186525598459378E-5,2.295416054400563E-5,3.278084852866657E-8,1.619599935737047E-6,9.61860453858625E-13,0.11950601143230322,2.5842778098753386E-10,0.028835113760105672,4.905062731506362E-13,1.4133363401620912E-6;0.2686190913477317,2.7978376743957004E-5,0.06949752489871205,2.4547208379837064E-4,2.381092993346714E-5,0.1644702332016291,1.2635311444400427E-4,5.224610524966113E-5,4.620013275476289E-4,2.1108332835889563E-6,3.254779142878301E-17,0.2248848335399926,1.2500542098170262E-9,0.07233216008946367,2.574616164145619E-10,2.5401761226598583E-9;0.44007915650998836,0.10941518877764667,0.03034422461106819,0.03744025494669541,0.0017585676927636825,0.06923547926212816,0.14039188879898665,0.13795232970430632,0.02641346554984558,0.12099831409663629,0.1557615930995036,0.18418720608542793,0.0135061381642357,0.3914077936017904,0.019881040814431115,0.05794198522037986;0.25663326301194644,0.016003087771270047,0.02106762754028326,0.06728634467341389,1.3191348126557128E-4,0.06191336012191792,0.09746846579258675,0.04349432174664681,0.002532331032180527,0.17242418536400186,4.449254626147203E-12,0.12356895831456137,0.04037889839582603,0.004742162421516161,0.0034702860422176243,0.00860255040210511;0.5408890146158362,0.143132196034719,0.04925921188005255,0.02152165067267178,3.0255954528919876E-4,0.07815066784091441,0.0951162435664469,0.25688502052008133,0.017739102980900517,0.1379948830133977,0.0,0.2822263981828104,0.6557636100818884,0.3240299229300861,0.0019468688419206478,0.16899217660437618;0.3036428847545114,0.055476237514906344,0.013906445448123727,5.744976606261682E-4,3.095780535757503E-5,0.04307752816372767,0.00923909046155247,0.0559454507920478,0.024908102148959953,0.0698151329733471,2.4394634287322096E-17,0.10608569310611617,0.0607645151426324,0.03496982273665031,0.022880939254583822,5.543209055417796E-6;0.1801137854100387,0.04393344100544254,0.10405162212152455,0.005311787249646276,4.4198246215982717E-4,0.015427061718837096,0.04382330151389681,0.026833408223062835,0.0014207438327487009,0.004072219361277716,2.9868916525341984E-13,0.1551842776035844,0.03212056685380209,2.7079972998292595E-4,9.700678407266436E-4,0.00713550200716425;0.2611119493646762,0.008895515338386487,0.02132690348490662,0.052796937551494845,2.273973207582913E-5,0.042051963798228106,9.980589928077243E-4,5.975760621216302E-4,6.981570629939559E-4,0.009101341619185972,0.011320848488563368,0.3778443571137582,0.10028069954221451,0.12840015462712845,0.0013015131237639264,0.022968840245031062;0.2953122739552916,0.003145166086220814,0.008805528046873626,0.005016193939326952,8.290678058614519E-6,0.047098565985390785,0.011209062831139968,0.08310029974165964,0.005567267705421968,0.08909450338019148,0.010059290097320676,0.3804226010407553,0.05597503097062225,0.4917442615733405,0.004148818542819217,0.006976896657437712;0.2564226975672554,0.039752091781952714,0.025541818237476477,0.007950332367182426,0.0020192889837150553,0.08069832234523942,0.0036820514332674926,0.05401793585299924,0.0076559310912445635,0.27482521919153796,0.0,0.3516955666293828,0.014341801957448545,0.050908938183681945,0.0033042081914503177,7.923901201390126E-4;0.5956235674759927,9.142474790764231E-5,0.042873443242911646,0.18284359089841976,1.4571927393287963E-4,0.05235564615582872,0.04185199811573906,0.02604101470332281,0.004432244248686872,0.05434147668112469,0.01652042641661155,0.6167395289391284,0.0805366627185837,0.26374980134468257,0.0017168458036403672,0.0028612730249918277;0.12118120048922963,0.049117180103500704,0.017644078062992716,0.025515841317179978,0.0013536245023087453,0.09582392931476318,0.13271950400091523,0.0631529943971017,0.002169881906712924,0.055710167568472184,3.980090316245269E-8,0.10684727744200856,0.04349085723421588,0.31404552632720933,0.011426987077146204,0.016201560594950624;0.3637676737609148,0.12208688470255034,0.05412291337899847,0.013533478653368411,0.0037694499492660085,0.025013548786369483,0.14369764077008956,0.039731921336486654,0.014741565341996703,0.03677074217002302,6.522981793468326E-15,0.07029909719629224,0.14058476576228066,0.06858230861899207,0.006041850295159248,0.007652831797416478;0.45181988182847116,0.004606352964090403,0.050077893337536386,0.18824816723673019,2.5274811660447853E-4,0.04240458251332676,0.002733527259820856,0.16550897566725584,0.024141117557982122,0.014388859329447078,1.5362381627286456E-16,0.18982327978707067,0.06788938072973483,0.007466166611981247,0.0025321362409475973,0.006423420208393917;0.5152593899138844,0.0015771823360892076,0.04065641802493517,0.009244866535604707,6.722109182148719E-4,0.010971709256511603,0.0326941637045566,0.09155395799484742,0.015233360551521021,0.0774318883073677,0.0,0.2547307648018042,0.030936072376376352,0.04149039233069263,0.011817676908660597,0.001507698226995315;0.5131039653484137,0.13415151411960402,0.05532556538203667,0.21861464224749308,2.4746772870212167E-4,0.027260138448581932,0.0076276158849697216,0.10901097232269684,1.0994695060128797E-4,0.22314975722272623,0.003041523298474136,0.3494785964044929,0.0035043837768255538,0.42023172457469293,0.006263404462681867,0.003128750627987727;0.5344220454590486,0.009221003971670827,0.05854295104653512,0.12985995280952412,2.9137493394767235E-4,0.056939428196490754,0.0020240082935719665,0.1641951609106168,0.005843703740172068,0.06748770974159606,0.002685819298366687,0.44198051418715517,0.01898208340633412,0.008154517004634158,0.01683214699496861,0.0016490643918179184;0.3996154042360031,0.012563265488988687,0.12904151968075941,0.058519432870695165,2.3190566205591632E-4,0.007674805238742401,0.0014752727425441485,0.15434460575869438,0.033328203869930725,0.047135101330262684,0.004992548064369768,0.3124093726795561,0.0034296722888352044,0.24762248472841378,0.0011816769188399683,0.008906784949565419;0.5969208800674626,1.484685190632286E-4,0.14204422912482034,0.007204379636146475,5.295113238033095E-6,0.1009165799985093,0.0024972096220215617,0.003779969715094511,3.312248179307295E-4,0.0010554399100357644,1.015863971510249E-17,0.20476450274870867,0.001460509931542565,0.27526882463055313,0.024703721978929158,0.021717364076562766;0.33687344321963425,0.010828323888693507,0.13666194663742987,0.0034945992182871563,0.0010555074485635696,0.16627327270870162,3.073209920097003E-4,1.1246789730690782E-4,2.4228149723039182E-4,7.801355426361574E-4,9.321519511608447E-17,0.14035658094257725,0.03269352630865261,0.003930109090073489,0.04264602062386336,0.002892843836285426;0.4636951403349814,0.08526745500440874,0.12396407675729404,0.060046718527856334,0.0036845682245284952,0.11725076594039341,0.004594747634926205,0.07769357880929734,0.04789157282007286,0.10157443385270297,0.0046087038121606526,0.2145850620186079,0.007417635902287355,0.0237545816698869,0.0958161296038021,