function temp = totalDeath()
temp = [0.0, 0.0, 0.0, 0.0, 0.0, 0.0, 0.0, 0.0, 0.0, 0.0, 0.0, 0.0, 0.0, 1.0, 1.0, 1.0, 1.0, 1.0, 2.0, 3.0, 3.0, 6.0, 5.0, 6.0, 6.0, 6.0, 7.0, 8.0, 10.0, 10.0, 10.0, 12.0, 14.0, 16.0, 17.0, 17.0, 17.0, 17.0, 19.0, 19.0, 19.0, 20.0, 25.0, 25.0, 25.0, 25.0, 25.0, 25.0, 25.0, 25.0, 25.0, 27.0, 29.0, 29.0];
end
