function [alfa, beta, gamma, delta, epsilon, theta, zeta, eta, mu, nu, tau, lambda, rho, kappa, xi, sigma] = initParameter()
alfa=0.3266922714742027;
beta=9.835298556810772E-6;
gamma=6.131740805502084E-5;
delta=3.617736380578469E-8;
epsilon=0.0010651838730632354;
theta=0.04890523510875719;
zeta=0.11370887015747407;
eta=4.9217330198362895E-6;
mu=1.4247344528612091E-12;
nu=4.259676793222535E-12;
tau=1.6445762729956183E-18;
lambda=6.09269720360857E-5;
rho=7.749601838194312E-9;
kappa=0.5497890264790473;
xi=1.5575907670870474E-6;
sigma=0.1680717367579652;
end
