function [alfa, beta, gamma, delta, epsilon, theta, zeta, eta, mu, nu, tau, lambda, rho, kappa, xi, sigma] = setParameterDayAll(i)
MatrixParameter=[0.3266922714742027,9.835298556810772E-6,6.131740805502084E-5,3.617736380578469E-8,0.0010651838730632354,0.04890523510875719,0.11370887015747407,4.9217330198362895E-6,1.4247344528612091E-12,4.259676793222535E-12,1.6445762729956183E-18,6.09269720360857E-5,7.749601838194312E-9,0.5497890264790473,1.5575907670870474E-6,0.1680717367579652;0.11053850759244892,2.092907245139462E-6,0.02239564069617083,5.579867520448499E-8,1.3771985847514147E-7,0.054283685379592245,0.031712234428163476,0.0048847556472531575,8.499226667040455E-10,1.0328423225235164E-8,1.4835805697505316E-17,0.03000493616201817,6.7435473851322056E-9,0.516771308801094,1.413312887781783E-8,1.7273632618250196E-4;0.18435483705172878,0.005897146891894655,1.2216757569554035E-4,2.959121588858504E-5,8.47549570439639E-5,0.01715229826844474,2.367788774755879E-6,0.009969626382064889,3.5429362866926245E-7,7.54515705860453E-7,5.290300665948824E-13,0.09146110539925303,1.2569124397107983E-11,0.019968735403863642,1.7407873243519426E-9,7.505617643157065E-4;0.19254844271067173,2.8351681831581226E-5,9.143910873317281E-4,2.369385985234125E-10,5.354963877928503E-4,0.04950205028810869,0.13334490237328578,0.03224063982549488,4.030791842470091E-10,1.708376479951303E-8,5.376772204122542E-17,0.026371510842856327,9.328817578469268E-10,5.523125512680939E-4,2.3461216438570017E-10,0.05650088727685369;0.3705388739830806,0.014743725310874655,0.014099456402402101,1.024460429776106E-5,2.4826640026949054E-4,0.046482464834977526,7.845939178630297E-4,0.0013805327429859716,3.352225639000273E-8,1.65673071228533E-6,6.228506141582603E-17,0.18427717141803798,2.1908072906840704E-10,0.7543161565040973,4.07413955603066E-10,2.5277198194698563E-6;0.42571372625068843,0.026185706135979557,0.018515435527226867,0.1817040237024819,0.0021261059121519695,0.13362243498241952,0.06631946602624694,0.0729795418414672,0.03752223259334747,0.2529988916393168,0.1048747475710097,0.135852234141887,0.009606353650057289,0.15470578094317877,0.028130428398274787,0.01075849716279882;0.5694425130539497,0.019133739486445825,0.2077529363614637,0.20836415254855925,7.116972663101309E-5,0.20288918242902457,6.838526394009462E-4,0.12550240120052242,0.06995272119395904,0.175986155067707,1.4128994837768119E-13,0.276422020809332,0.011298437747752266,0.31905539799374083,1.5473161186159887E-4,0.023151485472424606;0.22560019956552674,0.05323535928448547,0.0011690801906007655,0.03510389216826012,0.011082709799898272,0.2303911053065557,0.07426821959634117,0.008019364712812721,0.06635286308556233,0.007798997898510441,0.0,0.3536048163492098,0.0753969237890007,0.026361081290193062,0.0328621105998068,0.16400463311663255;0.564561656398411,5.416547289113595E-4,0.04602856707102017,0.09070312127876079,0.0012123152277960705,0.14299999177087885,0.0010560077444057869,0.02974419209575456,0.12374875174799022,0.012652980358863506,1.4779103655586937E-17,0.9304214927343107,0.02776687494479772,0.0018329061851167037,4.785576617361692E-4,0.04461647646482006;0.3312604225232085,9.688215258416605E-4,0.0712230776213705,1.2786912517276266E-4,0.001341157154028682,0.057970871205828944,0.012190840735063943,0.032767200148985126,0.033937177082958105,0.020334587197018875,3.037738686415562E-17,0.19473200040315689,0.01224661873200454,0.06807572553437609,0.0019662186669331637,0.0018371556635349022;0.3399230644541481,0.1893925243410364,0.01386275373865563,0.2626618563862241,0.009318762443616778,0.15954378716179163,0.05081040954937036,0.03330234690772663,0.0036297646837276866,0.07714085160598028,0.01180812297366646,0.7951842664969366,0.023829852423421317,0.22797747216905542,0.0013492586884575844,0.01825963936376567;0.42835050423973287,0.3031673762568454,0.06900785322453708,0.0026191149400910077,0.01883681070207187,0.08138955981370669,0.028484501686648584,0.018279639021971175,0.03721588349847866,0.20530610776224506,0.009211416291505235,0.48304691559906865,0.005384504834556145,0.38360581102303926,0.0020922276743474823,0.012089458613174151;0.3560202541203942,0.02399461426913279,0.10877041786663429,0.009019717272822322,0.019171872287173607,0.12065571923887645,0.20713058818963404,0.38404973424433764,0.0417905353402842,0.0266129095584478,3.6669942569145E-15,0.08039704151879427,0.0021728494521633147,0.0010967500597696743,0.0021764281050955926,0.0035672404777483233;0.5505521290509066,0.24381517807405476,0.1473745341459402,0.013643434563959434,0.014862396853271113,0.021984032071288778,0.1312201898606931,0.13310974884591445,0.009615557044764304,0.008397524849077326,0.02143129559165028,0.19153245109795622,3.5946381011690826E-4,0.2485054517344029,0.006006584545529945,0.005295744617632679;0.12654594107176997,0.03379779943250044,0.02010131428239263,0.029153530802260203,0.01088284777250556,0.13399290321079657,0.0037990502807587665,0.25157248832903084,0.019392813063677173,0.16397944928446934,1.5050251669851585E-5,0.10246307016157527,0.02279441067717618,0.07075480683536117,7.588852193175745E-5,0.030485906629049805;0.570069275459805,0.02570649534371141,0.13943573969701287,0.1496908133589923,3.3213100341236636E-4,0.19043402344254043,0.0452069101423824,0.09668433604330703,0.011112571717830505,0.019880805563214126,4.065032874859555E-17,0.5717344446810536,0.07444125158429778,0.35972915573700726,0.002393517205256984,0.004995278729675417;0.37720036550517505,0.015340326043647212,0.03910248735273885,0.00926367571819715,6.288716786952174E-4,0.17818389886878722,0.324077992366747,0.022969443324127477,0.009978327304801003,0.01578970808014141,0.0,0.19895414583837617,0.001762876810435707,0.013488847557483776,0.0012623696608568414,0.018460760624644922;0.4270768221338551,0.00460671844955545,6.493584940030876E-4,0.012065319627456897,9.684198770789235E-4,0.05271974268942496,0.07974892956429613,0.0024119919019064164,0.004918735271277017,0.028700152370055132,3.152770102394484E-14,0.23791523758091776,0.0806307465844258,0.10367211595772191,2.680406701915372E-4,0.0011373461751075795;0.4405141216768598,0.22524811993753008,0.0311370353807847,0.029232964268860535,9.349059588100735E-4,0.009016987393934363,0.08143106833786655,0.004148918372421537,0.03843660139880155,0.0052146666628864954,0.004595479180645218,0.17415522211372927,0.0021238990095473836,0.12893200186268203,0.005603041158885887,0.0034862754856303797;0.5770550054276892,0.14980083583829748,1.839108844837246E-4,0.13405161265624094,0.0014760530171937219,0.10956763277995761,0.09970494645336131,0.12053668821963735,0.005653964429415488,0.022286104371137254,0.004279182126357677,0.5662453867380693,0.012585726904093649,0.9147327100138535,0.010664135208310449,0.004309953219639497;0.3227984327059122,0.006650552281472944,0.08286462834919872,0.02975684341616053,0.0010084424685766664,0.06321195614575632,0.0025868013698313137,0.07707886574856947,0.034352882008614874,0.008464336976126795,0.008184680995913603,0.3285958048186487,0.0203946047957722,0.07109544252919615,0.006308711885598196,0.0010001789773749056;0.2939538825965633,0.03282056090172591,0.02395019143568577,0.03944475653215247,1.4025165094390098E-4,0.12525206789408946,0.19218018462763653,0.37294291310144945,0.007102586266293154,0.004761810600317688,4.510256486612323E-15,0.28799564834487285,4.3398189152640175E-4,0.03756704221801077,0.03522785396243881,0.0030796377226422213;0.660091635848538,0.05345182738196261,0.01765367208923612,0.01151309592911926,0.003462189340287412,0.09176591384107438,0.4113310660804469,0.018574988408542877,0.013536534726567722,0.1449708853815964,1.806969420337431E-17,0.178112530486313,5.4389500999217614E-5,0.0024148494409901027,0.035101719172416106,0.004621730677630768;0.6181287576774382,0.02371232360525825,0.022451578192230787,0.017158169052025392,0.010759190492194573,0.12022787179347767,0.006670174717080637,0.030924502639383847,0.00736367116652448,0.030306897405757593,0.0058976089540224,0.2159481750539925,0.11078727772184932,0.08278002095068583,0.054590085063482945,