function temp = totalCase()
temp = [4.0, 6.0, 9.0, 10.0, 33.0, 35.0, 44.0, 49.0, 53.0, 60.0, 62.0, 72.0, 81.0, 111.0, 150.0, 228.0, 284.0, 302.0, 343.0, 380.0, 435.0, 464.0, 531.0, 584.0, 662.0, 697.0, 727.0, 781.0, 812.0, 865.0, 951.0, 1091.0, 1232.0, 1295.0, 1402.0, 1546.0, 1615.0, 1676.0, 1852.0, 1995.0, 2135.0, 2289.0, 2482.0, 2601.0, 2717.0, 2835.0, 3027.0, 3138.0, 3402.0, 3597.0, 3857.0, 3920.0, 4049.0, 4205.0, 4422.0, 4578.0, 4834.0, 4975.0, 5090.0, 5207.0, 5279.0, 5417.0];
end
