function temp = totalRecovered()
temp = [0.0, 0.0, 0.0, 0.0, 0.0, 0.0, 0.0, 0.0, 0.0, 0.0, 0.0, 0.0, 0.0, 2.0, 3.0, 16.0, 20.0, 21.0, 24.0, 26.0, 27.0, 29.0, 36.0, 42.0, 46.0, 51.0, 54.0, 60.0, 64.0, 81.0, 99.0, 138.0, 203.0, 240.0, 277.0, 347.0, 377.0, 400.0, 447.0, 489.0, 515.0, 560.0, 604.0, 646.0, 682.0, 720.0, 774.0, 819.0, 866.0, 922.0, 985.0, 1084.0, 1173.0, 1279.0, 1408.0, 1518.0, 1631.0, 1776.0, 1941.0, 2074.0, 2223.0, 2408.0];
end
