function [alfa, beta, gamma, delta, epsilon, theta, zeta, eta, mu, nu, tau, lambda, rho, kappa, xi, sigma] = initParameter()
alfa=0.5021921683749158;
beta=0.9524191531947028;
gamma=0.9649767028092116;
delta=0.9628720757037939;
epsilon=0.18756391211103507;
theta=0.8074869743549504;
zeta=0.20803320424855576;
eta=0.3672479776299482;
mu=0.512383813655914;
nu=0.0957122907526271;
tau=0.9608284643466323;
lambda=0.6525252944909179;
rho=0.447623895631184;
kappa=0.4265146912554074;
xi=0.024654265619639792;
sigma=0.05338692199032602;
end
