function [alfa, beta, gamma, delta, epsilon, theta, zeta, eta, mu, nu, tau, lambda, rho, kappa, xi, sigma] = initParameter()
alfa=0.6185443251641558;
beta=0.40328377911926033;
gamma=0.6135835487340787;
delta=0.6857075242993699;
epsilon=0.042190892189248284;
theta=0.4063034282852287;
zeta=0.1251459631777365;
eta=0.14460768052378073;
mu=0.5644862367404093;
nu=0.029823368374033876;
tau=0.006889479761950413;
lambda=0.13931401704500088;
rho=0.06797521267475795;
kappa=0.6759766104308386;
xi=0.05005472681387742;
sigma=0.0687051634312381;
end
