function [alfa, beta, gamma, delta, epsilon, theta, zeta, eta, mu, nu, tau, lambda, rho, kappa, xi, sigma] = setParameterDayAll(i)
MatrixParameter=[0.6185443251641558,0.40328377911926033,0.6135835487340787,0.6857075242993699,0.042190892189248284,0.4063034282852287,0.1251459631777365,0.14460768052378073,0.5644862367404093,0.029823368374033876,0.006889479761950413,0.13931401704500088,0.06797521267475795,0.6759766104308386,0.05005472681387742,0.0687051634312381;0.9775891830197943,0.7927914304039514,0.819290128266515,0.0016031464201006415,0.09729702577737552,0.2367993217466816,0.9994309109083293,0.42806001402793065,0.002536117214259448,0.21065852223145265,0.9301956946430134,0.6629841465232781,0.08644029753055238,0.5914162507559474,0.01438483662980121,0.06592109552308817;0.9608681413353916,0.08324037406921869,0.9223295063464092,0.01155243477005756,0.11932044485421413,0.005674645928564065,0.0632746847739134,0.3789818897777879,0.013198165331315681,0.3953750354552444,0.3433149949364602,0.4166476676006605,0.001754351694289004,0.16439507224628552,8.786392261129761E-4,1.0486153299271207E-4;0.9992272118081376,0.8781244927901867,0.7967412448682458,0.16226709532152267,0.06290666928635347,0.003621978287407117,0.9956941376028857,0.08147152173158627,0.017036433234098973,0.26344575782199287,0.6030355980748702,0.16551493082168586,4.747967142709263E-13,0.793309930123174,3.7074778232911495E-5,1.7149159281270622E-5;0.6137923806216549,0.5646139921393607,0.8292325274131147,0.002383327597927039,0.08401600926025553,0.14692169362858376,0.7422826884859623,0.2510950370240379,0.0024575493138346005,0.9235985345331605,9.914047209964028E-4,0.43485342085888357,1.2987114810224265E-6,0.9642382606130195,0.004725294870473962,0.9584366920954442;0.9916885225221215,0.9729315337428315,0.9757344111498552,0.03684334007581418,0.13649847515656968,0.018681899805851443,0.9832756919752405,0.4141458937739102,0.0027335019433933905,0.0012631750560302014,0.8067766586430285,0.3064955377771375,5.479957382837448E-15,0.33652919759119815,0.0034511650551229955,0.007430081066012562;0.8173406323155188,0.2698911265023604,0.591549733527696,0.020474120252290458,0.06095375307517206,0.014927929655958294,0.9873783588106971,0.08010059393533106,0.006048249788506488,0.02825847291673536,0.8898713912405957,0.4006974719990546,7.399755805435626E-14,0.8426845184805588,1.6206543795441915E-13,8.851906970664062E-14;0.9120404036129005,0.47742049083577004,0.7575359885519699,0.08667723773923705,0.112859674010272,0.008717998233761182,0.9139459327699624,0.1818783201976625,0.01140022935410534,0.056499232026103914,0.0,0.2995055431339566,4.688140380037457E-5,0.6304996306924102,2.853558226984509E-5,0.011074480665544072;0.9481485829542368,0.7317518317392856,0.6997615981813501,0.06069221763732164,0.06102721859793428,0.009463303825576811,0.98564581247427,0.23288986448986998,0.005024065762145757,0.08330975504850945,4.7956759398596997E-4,0.4356890575020379,5.49036313255004E-17,0.8134572084382012,2.6231919791806595E-16,1.2699318118537618E-15;0.8040610396042871,0.04853865788892328,0.7453806630679107,0.04001069550960887,0.06235533038491253,0.021065127402272184,0.8547682708733398,0.11836290420186268,0.0026231491281256264,0.018781181553424637,0.002636171339471083,0.5664636227898706,8.748008389688647E-17,0.6875279722306854,4.324919039835461E-16,3.57502816384773E-17;0.9342935824824925,0.15901782552008187,0.8064092773322094,0.040770864397849806,0.06333955078651483,0.02820650035227421,0.5368398072912184,0.17896011150383956,5.816224754929544E-4,0.32502631752398564,0.9711105682910841,0.7463475590728026,0.0013559554039330765,0.8768258570045322,0.0029163143372159116,5.852022584783193E-4;0.8340888529874446,0.043141101623120355,0.16321880818147091,0.04191549157625065,0.0011670160794682756,0.20910310233976803,0.2708997717502349,0.116751057671305,0.0533618684085414,0.4167574728797005,0.21246766120291855,0.5041193455911667,0.004495904167505171,0.5795177904917692,0.01278875559224844,0.017082796450743468;0.8088710663619131,0.14485187304185332,0.9972639364008405,1.1873968958378853E-4,0.02033447231232116,0.20983785299793717,0.02161248476806993,0.8091021929577291,0.011868740078559203,8.408248013407104E-5,0.06859185318050487,0.5515944260917404,0.0015105000122964188,0.1334273013163936,1.6361196461704274E-4,0.0013619108168440447;0.7827669102866832,0.9785497234657766,0.7885418281079117,0.0026383689205884417,0.07284445956088445,0.06093056097761451,0.9652059582918306,0.9913936980333975,0.04100560050424297,0.5148870999675621,0.9574753754463052,0.8190189348637028,0.02943102636092764,0.3092561802741194,0.00884937442821715,0.26610887957648144;0.9997606393423634,0.1584445649502124,0.998911290862258,2.6262220375531303E-4,0.1680275983459944,0.04391049236841238,0.9415401306617822,0.24423474938588097,7.028831010599812E-4,0.055724492783905455,0.9807969745849525,0.08289359441478447,0.9272146213107363,0.8621389628162202,2.8425364293985494E-5,0.04785080642444602;0.9149301261153705,0.08089255626865148,0.7055095961804682,0.006528532138683457,0.11432049386580467,0.02517178287371659,0.31688956207005875,0.510748874731719,0.005918259825724803,0.01720298295974982,0.27897442259503025,0.6862352486051355,4.918639912734077E-6,0.3014020465408617,1.8163089978733157E-9,1.8482859029713465E-9;0.9703242777481798,0.1667591638279555,0.9720873398106656,0.0017987084533111312,4.772067597924156E-5,4.407624417077094E-4,0.9636891288243931,0.08032677989567065,0.004952643832667745,0.010900093639985342,2.1689723184760955E-14,0.49064304912499973,7.73807668611299E-17,0.9858361543643687,0.0,1.3340448954601507E-14;0.9576780091296,0.2939054582709444,0.479276250269137,3.1947912287578345E-4,0.0725122180535511,0.00525369271034376,0.9768515814594179,0.17741204951099263,0.007738379021004639,0.03701521154910245,1.861301882953655E-14,0.33010939033344744,0.15297181865523013,0.6373467880097295,1.0505810815284575E-7,3.949271710018721E-12;0.9791023072480511,0.0504048052096836,0.5948105722192016,0.0019057181660083492,0.06694678302465434,6.395959011130711E-4,0.011583877986027617,0.2986756687314733,0.0016313357041559235,0.013780826010073265,2.0479569431890663E-13,0.42020052182249235,0.03412709070293429,0.1480216553381929,1.2692747747283133E-11,5.86428927640611E-11;0.9650326660138815,0.04596909199095984,0.2114899150708276,0.0019021041691927743,0.016142237908618184,0.002077960422196357,0.24815148764591075,0.030126565319756757,0.0015359841554545076,0.01907682962110993,8.280674466008649E-12,0.778798755863594,2.699459054260081E-16,0.41052186283087944,1.624391885765988E-16,8.195199323093137E-12;0.6888499292739498,0.10514114879873239,0.5330684610628089,0.01363754962626241,0.03598585312334762,0.04192609841949887,0.6459205396782266,0.1122518419706281,0.0023804876958165577,0.008399084919613213,3.6959606895553554E-4,0.4495174771686285,1.3812600270762497E-9,0.9859288537327113,0.001242530829420052,3.1988502601611798E-9;0.9722331344757303,0.022150716328572812,0.98064079809948,3.0644054549014334E-4,0.03538086739313716,0.005548330334534623,0.9940415051005508,0.0713867458740835,0.004011333469394349,0.004330410553558716,5.038587315424965E-15,0.9355906448681325,0.0,0.690966434088254,4.922253846412093E-16,4.224933969987126E-15;0.7608203613527511,0.42482946233630836,0.8278533469009123,0.07261073764788926,0.06718148906957461,3.7028436995248284E-4,0.2102918757207572,0.3266390583372697,0.002165922850707075,0.4284331808005831,0.9094775499096537,0.653112162465775,0.0045033476426921785,0.49911602830944957,1.8531519953566658E-4,8.8256803079622E-5;0.6245125505715453,0.14398441194923692,0.9844786485568487,0.011458671347965611,0.01820479415115217,0.09379592044755274,0.10813241166145199,0.07285002782070987,0.00360365729657508,4.8693639552992656E-4,0.3661556489234654,0.7999955242222159,0.013955579324025635,0.6691544514350878,0.0045708641827311245,0.021869634501352098;0.8255400416326713,0.0526406309242555,0.878150058483784,0.027884921773469483,0.009885163676760622,0.029793331414162405,0.03820022706734712,0.031110296991641348,0.0012891938676464043,