function [alfa, beta, gamma, delta, epsilon, theta, zeta, eta, mu, nu, tau, lambda, rho, kappa, xi, sigma] = setParameterDayAll(i)
MatrixParameter=[0.5021921683749158,0.9524191531947028,0.9649767028092116,0.9628720757037939,0.18756391211103507,0.8074869743549504,0.20803320424855576,0.3672479776299482,0.512383813655914,0.0957122907526271,0.9608284643466323,0.6525252944909179,0.447623895631184,0.4265146912554074,0.024654265619639792,0.05338692199032602;0.8121080751514269,0.8410758337985302,0.8744406319816029,0.10524966113648704,0.4783647360938579,0.9937022645968543,0.5022640122847779,0.21657975733658597,0.5832816142739008,0.12377338101165392,0.037280326756071513,0.8756669584397714,0.01284101229980883,0.12036114192497549,0.015151192462967478,0.08045738960574522;0.9579742814864796,0.33583159629272186,0.779536557163583,0.047294829321475884,0.9113996137463662,0.05051812141108791,0.16711141471095736,0.5202732110057526,0.24146096792052218,0.20950966488733136,0.13194189092458886,0.6424143233741291,0.0436838981033576,0.18005560111885588,0.242211376387498,0.2041052933058516;0.8306820057746782,0.8282389679226185,0.3314940179650716,0.4039250852323355,0.5313671635614836,0.5858174389518078,0.6113049706815397,0.4233495566100369,0.17471241633153434,0.35885676328392035,0.5183936011489843,0.2533650267057703,0.12431395806751788,0.8961439206419484,0.0618411643346497,0.15111525504586476;0.24881118685386983,0.178659865869496,0.8236714554605074,0.10844282883769374,0.9319942003768338,0.4061187044895176,0.16150243930386043,0.5878703696690006,0.9382245259900366,0.12796893730129622,0.9230207282578888,0.11656216084942295,0.0316693730538562,0.5595567764071621,0.040604462200803715,0.21577596797829868;0.41680896585686367,0.583212900308278,0.38627984853114783,0.9775716089676969,0.8268222461065737,0.08413175143118834,0.03330588957295588,0.6851171035778265,0.1629416904266643,0.6548573173139722,0.4749253646650573,0.4496545350629495,0.1607935167959802,0.8870062250656874,0.03252734223343956,0.10982248855996302;0.9129071559542268,0.8470946191549533,0.44481785403163654,0.11713320394403959,0.8975319186226522,0.7690249392702537,0.09463042684751755,0.8087043961024662,0.5349365558728632,0.023322724688595642,0.13319076758104487,0.7211118439988962,0.014164799390527616,0.8657092858627204,0.20103332911255634,0.14770063891853846;0.7457123768631313,0.8459763471405295,0.5672301653965783,0.1845333849103976,0.9395237762013628,0.6565688807327701,0.2638407729707264,0.7279653848316767,0.06806231535574025,0.2828285201307652,0.6370112134970289,0.9470172267590558,0.008676749681217455,0.19677795700179956,0.003003252897904707,0.15796018932811307;0.6698926163101131,0.785316533899977,0.5581248151614611,0.7645338775594968,0.8948345477143107,0.7735751470540313,0.1565840777799612,0.7829474895591078,0.05897439196363008,0.512103561632318,0.5260438599378998,0.41239668245236216,0.19103352649213612,0.7069202216506001,0.005347095510520816,0.021708241515321802;0.37319926529008596,0.8077301930607566,0.297865825984966,0.2020437479120376,0.8330677104807103,0.6466467543221386,0.9525296983088698,0.47133698215115793,0.8269603601950328,0.2591243258009124,0.07384354831662798,0.2979364561786664,0.12006256799660786,0.35151186798803824,0.11988668217604892,0.14155207324759544;0.9055803082748988,0.9727037125288849,0.4312202860248642,0.01281217380192956,0.9526786043701516,0.8924291810351836,0.7001845738386197,0.8896624732549738,0.37549375033533505,0.09943796829320983,0.5213737351703129,0.6930701957956686,0.12423407099626926,0.7749930027747587,0.034496746711089044,0.7091026180651927;0.9942085593938406,0.6380871401728625,0.26490614845807947,0.9944904807790311,0.9521899008571764,0.006424876455074502,0.9127171322204846,0.5655268828607201,0.815146741043802,0.42691287358672136,0.11320857353233205,0.9806633243116056,0.531125173900133,0.6723095251464102,0.021517688321232464,0.10967226290553733;0.8730867940033906,0.4574774022212633,0.5201743378217494,0.471073993000902,0.9714612312085884,0.7375819713924117,0.5963608815483221,0.8257335028162218,0.7700521262010904,0.2843443968077797,0.1530923891949436,0.9759433294788986,0.05577270941883805,0.7017093925649789,0.15029649651303156,0.040164869832389094;0.49448796020238106,0.14778197443907026,0.09749727424631804,0.5249778675148917,0.45365649564827004,0.6300264561997304,0.701236890441759,0.548604463003844,0.4605595637884241,0.36618187612107866,0.13397859274919677,0.7040536960000721,0.09929668195644692,0.6236888584772755,0.00938370326563387,0.16922106138187543;0.3346673391651589,0.11402690762049184,0.9287017416821646,0.18688505774317066,0.9035900812948221,0.4630904863593097,0.5991600587953729,0.39875377090876585,0.7208272647679335,0.09524877271446663,0.10286402302688535,0.25245269991268393,0.44266396593863333,0.4778408675544734,0.04987826828587871,0.06465832698058782;0.48003446968909813,0.24348370198453528,0.15489777420462358,0.98421554154273,0.9601867214589428,0.21977410605740544,0.7355701322394994,0.9745352760146828,0.6095847612212166,0.41922294407946525,0.20776571928884002,0.677684361682378,0.47218962889178373,0.40370257933766696,0.018174546799072155,0.10070961114858323;0.7567122740464343,0.35087620071939285,0.4188189898524146,0.4501849897362018,0.8542258593010554,0.505391747972253,0.29667520831748395,0.3163158573577991,0.9021888858748484,0.26748073755914903,0.09187675963038466,0.6829424674486175,0.3126312674733127,0.7099764647605074,0.1302284648682286,0.06045497884210582;0.016136105188589767,0.8864612320395961,0.6443064042080362,0.3631064835037616,0.8159662868861186,0.37282143988506666,0.8102019706846904,0.9285746129366839,0.4040180985216366,0.4502933977474013,0.025323429048577317,0.22836079170289225,0.1284325769786121,0.2919359163389037,0.0834761981983343,0.06350385037172024;0.706764373856839,0.06067926480832231,0.019607587708457164,0.7965375077745782,0.7285324744640336,0.5090540048447298,0.36459238054584997,0.01932263903151399,0.6484933265027766,0.7884633197839626,0.011618948289484177,0.38628855127447337,0.08595805859190131,0.5833200436143757,0.06160872724296573,0.00848419062988337;0.4550670987379726,0.6670649015957861,0.370299756658353,0.010688411375767481,0.8033596815479638,0.16737317087537495,0.47304928941305824,0.4802469774358187,0.7104470272210595,0.4535247813920269,0.009819264510311676,0.18592266366318233,0.45862629023852053,0.059306861794423016,0.0782946061411045,0.00968538865237023;0.4798451661502401,0.48670915662589587,0.5534781086284859,0.7803597844462486,0.937001079218394,0.6746925080098374,0.5763931894690344,0.017821284965135797,0.5570521454960013,0.023599510454380912,0.007672214932718857,0.3862477998972329,0.6967437873400344,0.7198988787527505,0.2495684309440891,0.13226864966138385;0.9740702620809165,0.9280745631458174,0.12548791380022717,0.4192997884929295,0.8610852247710281,0.862356036037347,0.6757460137526687,0.44512972696740527,0.6837080607832955,0.4986683361480373,0.014048181392925185,0.7712122936164796,0.5552041909411991,0.7200032783749188,0.002917131308975529,0.1606260826645718;0.4130674017352194,0.24129942515485436,0.3876139399166152,0.75312965986634,0.4709630487002612,0.7381452169502711,0.3735350390924317,0.7166845800938546,0.7419092042968396,0.14187351166460882,0.013773484951963288,0.6332428976007249,0.8093497956900169,0.9178935942150437,0.15127996566913637,0.05172548446328884;0.7724033593590207,0.410823722621922,0.4957994039589295,0.5133493109535263,0.6862702939965424,0.9686309263791373,0.558947746061238,0.35916178584196934,0.8999155064932269,0.37649849782883904,0.2657647570807209,0.4957826144909645,0.8026942378522568,0.7421870241887505,0.016567773990018075,0.11498271121683845;0.6378586622257016,0.4740001272858947,0.98152914090436,0.37361705320630234,0.8510779934114954,0.2662388093837762,0.9886590180661641,0.0022108499405466553,0.6077033106953642,0.4372574436491192,0.09480120962165328,0.3454316962703663,0.6835023257000827,0.859318720607666,0.030381165742745964,0.12278800355757746;0.35988247845397847,0.6858940800828373,0.4231637903445409,0.40716243986584133,