function [alfa, beta, gamma, delta, epsilon, theta, zeta, eta, mu, nu, tau, lambda, rho, kappa, xi, sigma] = setParameterDayAll(i)
MatrixParameter=[0.3784350672463163,0.2393142107966432,0.0045531267491586425,0.2224886524141444,0.08388150321808467,0.7292184743143447,0.1021163405768431,0.29251479585338314,0.5487629463692846,0.0967749617700651,0.03214091076064725,0.12869431096966,0.0012349377240047491,0.1098560146190957,0.0014605819757646935,0.05793770058176355;0.6707378923179089,0.02312051203880138,0.33475417381107475,8.363409497777605E-4,0.25401574080600614,0.33246773459300893,0.16917305589305284,0.4655830366015062,5.683399642189179E-5,1.7375260482333524E-6,0.0013011579296192315,0.22490275278882632,1.9916505533797862E-4,0.05603093336242241,0.004296811183418402,0.11018041157051175;0.6797336516904506,1.1537742645054262E-4,0.10484437274062207,0.15771416933301366,0.23159724461012712,0.43441408973441903,0.09788069206717794,0.05322191190509271,0.0077008669664153945,0.14485858884212519,1.4760785363680516E-5,0.22378955102842987,0.0060121177675381545,0.10235992588209011,0.003340256453487698,0.1345053613332971;0.7161928819426291,0.0069050725982231255,0.08725493493410043,0.01757837880299523,0.1774478899178808,0.21971807503407312,0.11795908871592037,0.0027021897606810045,0.030964192991459014,0.008562114737039581,0.0564504252714426,0.6271753403853086,0.005353937852990699,0.0039601757482377225,0.006540381893423138,0.005189070573760432;0.7106248620471042,0.3995184045352395,0.12119704128972081,0.1621166151130775,0.613082187866285,0.8458130929178107,0.2102684744329663,0.42835171562458946,0.4633687801874124,0.19270606249362363,0.8954777622801058,0.4952792662819272,0.0170069272871873,0.48151406114733963,0.00150360522354006,0.007601881741690908;0.7421945516292118,0.32428932236537217,0.3725625239417576,0.0010058901053484883,0.6350016856457041,0.7850895499834593,0.4659143312733076,0.13262954356956755,0.09766745756086676,0.008442724136828837,0.016631503968868786,0.12681817735958856,3.1727010583676267E-4,0.13931428176421362,0.011881060854189976,0.005535763683215821;0.9964072779833298,0.05843700344609542,0.3867352815528074,0.162545599465566,0.608013718246877,0.6739473551379841,0.22482059805361343,0.08846689869916163,0.048613677806896995,0.1147754354998735,0.04764290764154744,0.5210972602000924,0.008206818705794584,0.18645445296513796,0.005281523082036158,0.026314787559718972;0.9861525893804839,0.8979718290494536,0.599593578339148,0.0069334675831716165,0.9825748634078467,0.9928030895990896,0.6986808429600364,0.2971672524520224,0.04886564447753104,0.1233746041077586,0.2735972805559823,0.0788974080758407,2.5379865656493714E-4,0.9376981984031456,0.01321597958421792,0.004718436166463551;0.6808416963244767,0.30098436048024096,0.0034784327203128147,0.03459460105543474,0.39062278606260853,0.6122426851490543,0.19123675546587598,0.1154382441516593,0.06539187235927701,0.1299377618341184,0.43185097018084395,0.5253355406425386,0.007622502481127888,0.2191765125566131,0.0016616470425074668,0.05120649189461043;0.8615790527747286,0.009169827830697759,0.27204911300680684,0.004366168301662488,0.3772494892243354,0.9970020043320984,0.7902839016883914,0.14439022372168495,0.016429910486467962,0.10266317670297441,0.05587605965296245,0.023114869388740442,0.0033990749973403264,0.13169483452528108,0.007841479883376409,0.08499582943511676;0.7854681663010136,0.3310892846287965,0.11028459753264047,0.04762930036693801,0.4976998210674759,0.8524882202849917,0.1970326268797145,0.21299213936086986,0.7351984073397405,0.03522969121050694,0.42160068986612864,0.641891462024813,0.0012173938527536435,0.02062903472316195,0.020225024811201975,0.009378819010355477;0.8637087290353345,0.40639020561977296,0.3712502716510838,0.06378496476906177,0.7031318855946855,0.9916319582975394,0.6344463402684923,0.361051289967371,0.849313555339042,0.05581806996301804,0.4318310382787836,0.1428092421273917,0.00819390362527552,0.8442021710617685,0.008713103788755396,0.05753141938958423;0.8777802310497542,0.5370347574927328,0.5889280714783931,0.03381946601447131,0.568947477892481,0.7111916354647665,0.47713381647420644,0.5726473444560058,0.22823216357534953,0.08158699456738303,0.27115322507120043,0.2812662963011664,0.025245229770580687,0.4645718308394019,0.008046845426821497,0.011814317911769411;0.8970383243192183,6.505149712190141E-4,0.6450968628604488,0.058844314432194074,0.7135730417344358,0.8378677758245393,0.5429891200430847,6.602080556876641E-4,0.27150835759311676,0.0312059940641788,0.1291448011040555,0.017437267205931577,0.013438034095367856,0.008307607930634096,2.31340844954936E-4,0.031191219236198123;0.8278669164951873,0.6987043275203435,0.33765338592226407,3.3708864269328204E-4,0.7466171341915844,0.8453287249656498,0.7048862465150704,0.28098399155451875,0.22689799455824455,0.03301862272579679,0.05459313622290929,0.5415028474426119,0.0011082710321379402,0.19808676153257693,0.006611539154017712,0.18262841734886617;0.9057415446642566,0.004460475685932527,0.8640770381890333,0.005904349430348208,0.8878355526336908,0.9665568218891869,0.4347762186873459,0.10951451223566504,0.25901251521530483,0.013442362330996854,0.1469591383024912,0.059094751922184205,0.03325121923405992,0.004430845427091516,2.7244783147196787E-4,0.015084168956006434;0.7556391100607094,0.0029267175771354966,0.021537522748180583,0.15497243843234304,0.3050970360866528,0.9797571177086343,0.6770413382269163,0.2034014114141617,0.2136751608050206,0.07685668983072276,0.3483438546006057,0.5617513335757237,0.042526203676752194,0.15222649180604522,2.591287173949512E-4,0.06116894451569734;0.97195016747917,0.342532454713877,0.5051530202866361,0.261002592824379,0.8271961756804891,0.8542230382172148,0.21421043420317276,0.45985568270084676,0.22978788403420952,0.17795609242469781,0.0313891739893556,0.5662727672818688,0.039624190881370126,0.0756360744879655,0.012045598654170875,0.24909158186909985;0.8293644642993128,0.6849529290295064,0.14795329610570385,0.004001010525147036,0.8513223559843767,0.9319654747638303,0.26309505006590955,0.2623612766090862,0.05780474451733396,0.011736164926770876,0.10102260969132573,0.8013734659428371,0.0036714951541635017,0.09942128551940696,0.008878904020398249,2.476871224218729E-4;0.9739293585353985,0.20112213479764182,0.3679015944381738,0.048945176004349,0.8415948546861889,0.8825589518903378,0.6537007391619967,0.19743961872717203,0.36725343964300805,0.09452733304740372,0.16050711336518622,0.019752328749935395,0.0022356367135061665,0.2804093727448202,0.00982605052763035,0.16674718289242282;0.8975683057713285,9.268570097831569E-5,0.49796986881933936,0.05193094326777947,0.8849846143447722,0.8875963851790579,0.406896429321888,0.0080362716487304,0.2516485773611278,0.03410074985018776,0.28343853365153215,0.0044384386150589554,0.006407464350376355,0.1630099213429768,2.5983641448303584E-4,0.060754252447223836;0.8780000199238855,0.6151459061456377,0.028758623342450468,1.412258717627874E-5,0.8269902075972435,0.8705970329773263,0.8163523466569059,0.1535687201607015,0.22004780069400412,0.03213954973218459,0.1884423177686909,0.5061998752035978,0.018273124293004456,0.41295207614476565,0.0060245588769110795,0.032650237368940425;0.8630177761389412,0.023332728358152525,0.6038932159833892,0.01919588754063631,0.7469834487885542,0.9476191414388535,0.306657901499594,0.01903710706431501,0.2815941557730724,0.005168470332580062,0.21171744092459388,0.4114272902582023,0.005722091280485828,0.11627526885527617,0.011971713386228865,0.011695997706891672;0.8698033126210492,0.18903228370812616,0.012608005923682844,0.0511470802061674,0.5045863032211895,0.7239725791305143,0.47986136201016916,0.08733457447240386,0.6374838987375224,0.03858821824858081,0.08794123345116733,0.3664778492182414,0.05133632819936595,0.23045586409215388,0.0021888815183709375,0.08492010459836928;0.9947269917947842,0.20211972709093945,0.8991283786432327,0.06190269294757034,0.4787463956825,0.69733524799711,0.9967128953919787,0.1942551740938352,0.6738742206446711,0.05712050233593901,0.5242620350128491,